1690131848   1690219013
1690124522   1690221029
1690432671   1690466192
1690515786   1690577610
1690616071   1690695112
1690397254   1690403446
1690559618   1690644837
1690615076   1690617854
1689826735   1689832415
1690198508   1690260605
1690278606   1690340581
1690001480   1690011192
1690691447   1690740491
1690645658   1690722993
1690586610   1690651791
1690686222   1690779986
1690496023   1690560183
1690326149   1690343357
1690303546   1690307575
1690620991   1690631096
1690451447   1690534188
1690235643   1690264132
1689824783   1689899454
1690363507   1690450864
1690758191   1690812422
1690243466   1690275629
1690030274   1690048064
1690513970   1690578443
1690640642   1690679271
1690016148   1690053180
1690339665   1690353936
1690421483   1690520749
1690148282   1690227506
1690097041   1690135002
1690457206   1690528302
1690389987   1690478875
1690662451   1690760862
1690802357   1690853755
1690068248   1690141637
1690722382   1690781205
1689889904   1689898095
1689881430   1689914329
1690437620   1690518165
1690068107   1690128000
1690363978   1690443511
1690016014   1690018243
1690438340   1690517767
1690372600   1690398163
1689907161   1689975887
1690667831   1690726637
1690659276   1690689024
1690752072   1690810281
1690190437   1690245005
1690095091   1690103202
1690542689   1690627613
1690538579   1690599342
1690310142   1690374941
1690339457   1690355013
1690387283   1690389130
1690636421   1690724075
1690725430   1690775781
1689875482   1689930874
1690065039   1690092179
1690406774   1690411945
1689867170   1689940481
1690140256   1690172325
1690699640   1690733577
1690801056   1690807059
1690277711   1690354922
1689812079   1689845601
1690509480   1690568203
1690597193   1690635496
1690298431   1690333445
1690714278   1690724935
1689854175   1689891976
1689921893   1689949300
1690684356   1690697547
1690611003   1690710545
1690483665   1690518873
1690780038   1690803905
1690424543   1690479396
1689837983   1689895198
1690539788   1690631492
1690712351   1690780637
1689970837   1690018216
1690379569   1690453365
1690236305   1690335673
1690763265   1690850578
1690690898   1690764216
1690050252   1690135567
1690506809   1690515196
1690182838   1690234646
1690101231   1690111081
1690303809   1690361712
1690748050   1690828198
1690527022   1690551562
1690772245   1690797929
1690533376   1690606886
1690579135   1690648122
1689917373   1689956354
1690290007   1690316115
1690523093   1690534588
1690434528   1690450831
1689886768   1689887132
1689905714   1689949888
1690612843   1690686232
1690414229   1690485612
1690654168   1690660663
1690790736   1690830424
1690015322   1690032001
1690521711   1690586750
1690030377   1690068606
1690097360   1690101385
1690636833   1690650960
1690603349   1690671326
1690352237   1690374060
1690695825   1690767047
1690408813   1690502825
1689826001   1689871036
1689918922   1689989120
1689848993   1689902451
1690103343   1690148641
1690410348   1690509814
1690127010   1690198614
1689974956   1690054848
1690716211   1690793190
1690324037   1690400823
1690279994   1690326277
1690192312   1690234568
1690123563   1690178255
1690031545   1690122346
1690281049   1690353370
1690326570   1690348814
1690429899   1690471502
1689941122   1690000883
1689810393   1689844228
1690237177   1690237254
1690301144   1690329192
1689841479   1689865347
1690361590   1690434683
1690759989   1690777673
1690718791   1690754271
1689953106   1689986125
1690250587   1690262521
1690739180   1690814237
1690458471   1690466510
1689973646   1689976154
1690183130   1690267013
1689948876   1690018445
1690198484   1690287492
1689992400   1690056409
1689947333   1689970252
1690413233   1690420733
1690293247   1690384881
1690336357   1690397886
1690528040   1690551105
1690767487   1690846440
1690682181   1690711503
1690774123   1690788085
1689873898   1689960145
1690467532   1690489755
1689858765   1689929839
1690015803   1690053916
1689910355   1689998009
1690798899   1690864781
1690121172   1690209712
1690467001   1690491382
1690416078   1690493991
1690206841   1690289387
1690498848   1690522578
1690593329   1690662678
1690354020   1690451127
1690436312   1690477410
1690757318   1690767932
1690064947   1690090146
1690714164   1690762561
1689933273   1689949453
1690331505   1690361768
1690147011   1690234947
1690101024   1690105803
1690134759   1690139835
1690252304   1690311243
1690181767   1690196677
1689959881   1690005736
1690672938   1690764220
1690575841   1690596659
1690320934   1690355107
1689996511   1690050053
1690369406   1690378659
1690054242   1690061465
1690254133   1690292313
1690181943   1690189528
1690214814   1690240209
1690463076   1690490420
1690767495   1690864730
1690334975   1690433033
1689948341   1690025839
1690647317   1690684093
1690739289   1690744886
1689888031   1689903454
1690582568   1690582770
1690149107   1690235098
1690388008   1690412183
1690636086   1690720964
1690462705   1690560806
1689994729   1690085297
1690231747   1690252390
1690624253   1690699555
1690458567   1690542656
1690648028   1690650653
1690289860   1690362695
1689832639   1689922684
1690246096   1690286449
1690377437   1690443019
1690183094   1690226614
1690328509   1690416120
1690473203   1690534816
1690718996   1690769287
1690022250   1690111543
1690776853   1690868102
1689903078   1689922352
1690760035   1690776314
1689900891   1689912649
1689916508   1689931257
1689882688   1689971186
1689858724   1689926210
1690479637   1690572442
1690755331   1690808282
1690573019   1690627152
1690602453   1690614784
1690695106   1690737165
1690156992   1690161895
1690368832   1690393678
1689991596   1690051853
1690553242   1690644622
1690038739   1690062239
1690021603   1690078661
1690682606   1690698505
1690102817   1690193462
1690479574   1690506302
1690602047   1690696799
1690538567   1690609982
1690144940   1690214910
1690446440   1690472689
1689982743   1690022845
1690723480   1690754673
1690347367   1690351689
1689954930   1690039645
1690312583   1690369524
1690682088   1690760029
1689915671   1689960870
1690296424   1690343150
1690144377   1690175583
1690558537   1690563519
1689821627   1689855365
1690324993   1690353665
1690288887   1690335639
1690356436   1690371264
1689976118   1689986878
1690279941   1690376525
1690219372   1690275947
1690286645   1690324602
1690344129   1690443993
1690104698   1690140878
1690586464   1690616081
1690142456   1690223320
1689809126   1689882708
1690191308   1690253919
1690503340   1690522343
1690205731   1690294789
1690741713   1690770345
1690792850   1690817997
1689937836   1690000111
1690214186   1690300094
1689997564   1690072512
1690043654   1690125547
1689946879   1690007382
1690563689   1690627966
1690306420   1690317036
1690403039   1690454911
1689826855   1689866436
1690743393   1690780508
1690400955   1690483014
1690696136   1690763928
1690324994   1690338132
1689912485   1689975229
1689974224   1690050605
1690007608   1690069777
1690432689   1690456332
1689915576   1689971159
1690408773   1690462948
1690441403   1690472155
1689938405   1689981163
1690188843   1690240744
1689943426   1689993853
1690548197   1690613957
1690152921   1690159425
1690546221   1690555930
1690227222   1690233756
1690532994   1690558608
1690658165   1690709022
1689953281   1690009204
1690434129   1690531536
1690507053   1690517270
1690177631   1690227530
1690720363   1690786928
1690194336   1690266315
1690742193   1690822916
1690454411   1690480145
1690580251   1690593979
1690474391   1690508025
1690151224   1690227751
1690539870   1690570861
1690647071   1690668382
1690687255   1690764107
1690555193   1690579726
1690243914   1690303666
1690383679   1690443694
1690242454   1690287441
1689983946   1690082521
1690388759   1690399764
1690499223   1690513589
1690568109   1690664419
1690727220   1690808354
1690426054   1690501441
1690211141   1690268476
1689849400   1689942390
1689820959   1689851526
1690575136   1690674866
1690783832   1690865495
1690369397   1690463637
1690441604   1690442973
1690679027   1690755642
1690476070   1690573068
1690570410   1690606892
1690380933   1690454270
1690303943   1690362053
1690424454   1690426546
1690794006   1690809696
1690503496   1690584691
1689877489   1689972275
1689961513   1690036461
1689952069   1690008072
1690109975   1690135221
1690732970   1690806882
1689857342   1689865067
1690648530   1690717591
1690026540   1690048416
1690437411   1690479730
1690703192   1690797224
1690771569   1690773179
1690161727   1690221106
1690352881   1690378939
1689833144   1689835095
1689908472   1689955449
1690695882   1690744156
1690393628   1690421665
1689962955   1689984247
1690622383   1690718999
1690351476   1690363156
1690518203   1690583987
1690678370   1690733977
1690017574   1690063235
1690561058   1690638160
1690056564   1690089591
1690486360   1690499372
1690788756   1690801403
1689811454   1689910340
1690144655   1690191000
1690395371   1690477112
1689944564   1690042911
1690625638   1690645769
1689851720   1689889954
1690560123   1690654548
1690579752   1690646595
1689942896   1689952871
1689863805   1689871193
1690313451   1690326003
1690602539   1690609611
1690490060   1690577698
1690667528   1690703884
1690207756   1690266335
1690198088   1690208031
1690329733   1690377656
1690678592   1690679063
1690129754   1690215145
1690035418   1690045532
1690403561   1690404970
1690215967   1690313112
1689869542   1689965164
1690774334   1690804285
1690039291   1690091911
1690698228   1690715312
1690713328   1690777003
1690237741   1690326876
1690127706   1690219553
1689876812   1689940514
1690106728   1690126139
1690134389   1690163535
1690724662   1690797708
1690100637   1690148243
1690403389   1690416167
1690735515   1690784939
1689924524   1689967306
1690716688   1690804335
1689855962   1689912545
1690785433   1690857445
1689926354   1689929099
1690216814   1690238907
1689963431   1689973504
1690013776   1690040480
1689957323   1690021847
1690144446   1690198699
1690441604   1690486729
1690585858   1690593252
1690704535   1690799845
1689896864   1689975381
1689933035   1689940258
1690706660   1690714555
1690605620   1690609731
1690175976   1690225373
1690526204   1690536990
1689960750   1689966937
1690544041   1690544914
1690160288   1690166250
1690101191   1690138716
1690022890   1690108607
1690498016   1690553385
1689957963   1689965324
1690141985   1690169527
1690559411   1690617055
1690490620   1690559172
1690195021   1690290025
1690606227   1690683842
1690112699   1690197395
1690497063   1690558314
1689887239   1689888806
1690128679   1690209044
1690797813   1690876101
1690763217   1690812135
1690140676   1690145111
1690102111   1690137133
1690739938   1690756118
1690704121   1690749214
1690042068   1690107079
1690494825   1690567705
1690030897   1690076148
1689982646   1689989674
1690510582   1690573330
1690547428   1690563736
1690525479   1690564323
1690744412   1690824830
1689892619   1689978366
1690510876   1690603757
1690197773   1690218476
1690544654   1690594547
1690205328   1690304323
1690267657   1690279002
1690370152   1690453045
1690467416   1690485493
1690667836   1690677445
1689971945   1690064009
1689869282   1689885203
1690139390   1690227225
1690270517   1690290674
1690529899   1690603431
1689835709   1689913466
1690153588   1690224486
1690768687   1690836935
1690742813   1690799897
1690324253   1690420222
1689905245   1689985909
1690266100   1690337968
1690389459   1690412608
1690518607   1690584135
1689810053   1689865627
1690605722   1690694340
1690266286   1690321945
1690422771   1690471639
1690402114   1690478304
1690511075   1690586091
1689881864   1689949756
1690768291   1690807869
1690297674   1690377197
1690626079   1690676086
1690125746   1690172832
1690446486   1690470214
1690566048   1690582045
1689983220   1690052637
1690212256   1690226342
1690486976   1690508586
1690666850   1690684764
1690549046   1690592775
1690581773   1690654328
1690700352   1690766338
1689997338   1690018416
1690495406   1690530242
1690479477   1690501885
1690194017   1690233794
1689866938   1689943440
1690626126   1690686550
1690155164   1690217845
1690683759   1690780141
1690603532   1690683270
1690499609   1690595486
1690346441   1690360364
1690697673   1690701178
1690537345   1690587938
1690427106   1690455196
1689959865   1689964450
1689822296   1689890233
1689823684   1689899629
1690774820   1690804066
1689853629   1689945357
1689955705   1690053761
1690712918   1690786307
1690252669   1690291668
1689812106   1689871581
1690453698   1690489547
1690369911   1690453371
1690194141   1690235701
1690039022   1690042564
1689856472   1689921373
1690299406   1690322063
1689873545   1689946966
1690016621   1690041754
1690385905   1690434341
1690487526   1690495636
1690364561   1690370555
1690557147   1690619151
1689868649   1689958794
1689838789   1689920257
1690097027   1690155351
1690194907   1690256632
1689871492   1689970654
1690123451   1690213484
1690756322   1690800293
1690320012   1690372728
1690058570   1690113674
1690477716   1690549920
1690156313   1690222534
1690115110   1690161412
1689975797   1689977587
1690683264   1690708417
1690289167   1690324623
1690568237   1690604107
1690396678   1690400991
1690509236   1690538449
1689979390   1690076099
1689978589   1690043571
1689902519   1690001972
1689840422   1689921305
1690336015   1690376839
1690751182   1690823683
1690363079   1690409612
1690553871   1690587065
1689999727   1690083526
1690223849   1690247722
1690733906   1690734414
1690495254   1690559139
1689826977   1689866612
1690698073   1690701888
1689999163   1690019017
1689990844   1690037827
1690024719   1690085331
1690570681   1690615657
1690526812   1690544552
1690192328   1690234897
1690045948   1690144640
1689817084   1689849194
1690160817   1690254097
1690316310   1690396206
1690194966   1690291207
1689910387   1689919511
1690233688   1690283462
1690392852   1690491477
1689861088   1689894939
1690747764   1690762080
1689948260   1690000617
1690305488   1690389895
1690363466   1690429664
1689906664   1689958950
1690531496   1690568381
1690757720   1690787683
1690678786   1690703588
1690413192   1690424834
1690301047   1690347779
1690716080   1690731929
1690372056   1690412090
1690516843   1690538052
1690133390   1690199362
1690226809   1690257808
1690336011   1690360392
1690754147   1690821485
1690478273   1690493486
1690590202   1690658377
1689986640   1690073868
1689927909   1690023694
1690711480   1690768791
1689816083   1689852286
1690030785   1690034201
1690211521   1690310373
1690646675   1690726621
1690659863   1690687721
1690514329   1690519938
1690667778   1690705005
1690389106   1690422188
1690141633   1690210870
1690306717   1690388048
1690802027   1690878184
1690396550   1690467434
1690048552   1690064054
1690686709   1690698583
1689993439   1690009757
1690337229   1690375940
1690222849   1690224559
1690338176   1690412920
1690081590   1690143361
1690072704   1690133859
1690486336   1690492607
1690380449   1690462978
1690667256   1690766140
1690563852   1690647109
1689954358   1689991917
1690043304   1690068449
1690043474   1690047299
1690232007   1690293074
1690227218   1690242073
1690167079   1690258494
1690170469   1690218034
1690006092   1690078829
1689838034   1689883367
1690026423   1690045316
1689948842   1689996425
1690493170   1690544958
1689811556   1689846710
1689911862   1689932016
1690215364   1690297092
1690071652   1690141893
1689918699   1689948716
1689847766   1689873764
1689911427   1689917520
1690159467   1690236897
1690182155   1690242295
1690652947   1690655146
1690672585   1690765775
1690248082   1690258943
1690439977   1690491574
1690769902   1690848437
1690183770   1690226771
1689812292   1689888376
1690269014   1690310765
1690802557   1690818818
1690048727   1690091517
1690772811   1690832824
1689923729   1690009489
1690589121   1690650510
1690333920   1690345668
1690167537   1690262388
1690531426   1690576560
1690354121   1690360246
1690541225   1690584261
1690450599   1690472464
1690761117   1690831422
1690103883   1690133321
1690014629   1690114004
1689972272   1690050655
1690220372   1690256195
1690017749   1690093230
1690170707   1690207576
1690005914   1690081130
1689894806   1689967627
1689819751   1689919545
1690103276   1690111706
1690125384   1690218137
1689849006   1689915021
1690344028   1690389994
1690786016   1690787260
1690469084   1690491442
1690521030   1690571384
1689834832   1689925894
1690352127   1690442127
1689843114   1689892995
1690471397   1690527207
1690101523   1690154754
1690089130   1690164948
1690540748   1690543639
1689936398   1689980470
1690679390   1690776078
1690755419   1690771082
1690578156   1690599565
1690247621   1690337697
1689908884   1689956883
1690650800   1690661863
1689926954   1689986404
1690385430   1690391789
1689878557   1689932840
1690494854   1690506378
1690006639   1690056525
1689991932   1690049510
1690009215   1690086260
1689883741   1689918020
1690639937   1690667783
1690564454   1690656444
1690685355   1690696171
1689879101   1689906762
1690140726   1690167076
1690004391   1690096150
1690620581   1690640090
1690634424   1690642634
1690397466   1690450721
1690325436   1690392072
1689881183   1689950896
1689875592   1689935168
1689889205   1689921249
1690374586   1690464963
1690702815   1690730495
1689949728   1690014698
1690484636   1690517962
1690738072   1690827694
1690348711   1690349669
1690502116   1690531083
1690270632   1690309987
1690184815   1690192533
1690745098   1690766315
1690693534   1690782445
1690508622   1690528825
1690141314   1690187982
1690386004   1690455439
1690006366   1690016883
1690778810   1690811321
1690531932   1690591689
1690216999   1690270412
1690023924   1690060761
1690611804   1690669071
1689920289   1689993374
1690156413   1690244322
1690608701   1690658737
1690650271   1690742954
1690414653   1690513947
1690316437   1690336776
1690729695   1690748561
1690593406   1690677630
1690583394   1690641065
1690223117   1690247401
1690107272   1690118730
1690508016   1690530554
1689826586   1689893413
1690248562   1690315235
1690524654   1690614247
1690468261   1690525227
1690532931   1690598438
1690622515   1690677441
1690712027   1690775447
1690071394   1690106315
1689973622   1689979509
1690263563   1690358127
1690357847   1690399959
1690204555   1690301345
1690574149   1690596794
1689909865   1689986676
1689865438   1689951968
1690069193   1690125143
1689940603   1689961244
1690284877   1690320934
1690627971   1690645567
1689974746   1690030370
1690384738   1690412357
1690106484   1690114093
1690709195   1690803461
1690749961   1690756932
1690487948   1690496460
1690615604   1690643985
1690260183   1690326028
1690339425   1690399733
1690702242   1690731116
1690538529   1690625567
1690720459   1690781819
1690677269   1690757503
1690505236   1690577755
1690602588   1690604370
1689875195   1689878983
1690608956   1690700237
1689933656   1689943472
1690032392   1690093179
1690268225   1690327830
1690675631   1690678107
1690184565   1690263333
1690298249   1690392967
1690486735   1690531634
1690366200   1690439579
1690041074   1690093146
1690309764   1690372349
1690229166   1690275839
1690651485   1690746350
1690585160   1690679997
1690205525   1690283133
1689930629   1689942105
1689941988   1690018823
1690388077   1690403291
1690125247   1690213800
1690421126   1690500453
1690118543   1690126324
1690543554   1690550914
1690458489   1690477910
1690175537   1690260430
1690454238   1690495160
1690381162   1690462167
1690342847   1690403233
1690779041   1690805194
1690307713   1690395599
1690659430   1690756383
1690049500   1690129635
1690057700   1690121106
1690324421   1690344033
1689851472   1689870431
1690045538   1690068345
1689986914   1690013571
1690582473   1690663463
1689939110   1690005060
1690246026   1690288904
1689850933   1689902154
1690610313   1690703847
1690311343   1690342835
1690291534   1690311907
1690157962   1690208943
1690069404   1690109006
1690285425   1690303843
1690237816   1690264537
1689917096   1689988224
1690507565   1690590805
1690255448   1690269426
1690084620   1690097468
1689878485   1689964823
1690319673   1690410871
1690516803   1690564821
1690249906   1690327774
1690524192   1690569906
1690287358   1690334855
1690120064   1690191347
1690280641   1690335070
1690252688   1690263809
1690543180   1690569000
1689840365   1689863281
1690553050   1690620270
1690685859   1690737530
1690404668   1690449286
1689950858   1690037922
1690773715   1690846869
1690151052   1690184451
1689989512   1690025326
1690436733   1690527710
1690435264   1690492000
1690294823   1690393755
1689860125   1689952032
1690616131   1690696696
1690803929   1690815965
1690452252   1690528013
1689815346   1689902760
1690073038   1690084475
1690027699   1690070254
1690609250   1690704789
1690199562   1690207112
1689915316   1689963098
1690126536   1690166650
1690496320   1690545944
1690674256   1690767992
1690711087   1690753623
1690793719   1690891545
1689888148   1689897703
1689901319   1689920515
1690567496   1690570150
1690549020   1690628653
1690308630   1690352785
1690800001   1690805716
1690270327   1690328683
1689992616   1690007316
1690778736   1690875905
1690061167   1690148714
1689938283   1690000286
1690660123   1690744364
1690366864   1690417948
1690109528   1690184054
1690673217   1690682277
1690791605   1690817928
1690243742   1690243821
1690202810   1690219309
1690562096   1690582086
1690203332   1690278949
1690749753   1690758294
1690032883   1690037149
1690484132   1690571223
1689988358   1690023793
1690302501   1690334664
1689879871   1689975611
1690333997   1690337670
1690116033   1690184443
1690732713   1690738764
1689929188   1690027775
1690482309   1690551542
1689891873   1689951719
1690299064   1690361031
1690676997   1690744334
1690622636   1690712791
1690285132   1690285794
1690176139   1690185297
1690727306   1690825696
1690078463   1690151723
1690630832   1690668433
1690421925   1690487659
1690094631   1690170752
1690339907   1690424136
1690353052   1690375450
1690048960   1690071165
1690072594   1690167226
1690618468   1690700996
1690571500   1690590727
1690567031   1690659804
1690294986   1690379424
1689804897   1689827966
1690769332   1690817295
1690517993   1690610532
1690099338   1690145119
1690629033   1690657035
1690677264   1690744185
1690208740   1690254550
1689892562   1689986165
1690663392   1690750671
1690307395   1690337233
1689935973   1689996241
1690631059   1690719660
1690427509   1690525408
1690342505   1690395087
1690766026   1690768337
1690654840   1690671656
1690148475   1690166650
1689975743   1690027433
1690092798   1690163902
1690702554   1690734526
1690122613   1690135023
1690533229   1690574867
1689981122   1690017544
1690318536   1690356079
1689971080   1690064293
1690122655   1690170173
1689908683   1689990668
1690055811   1690091897
1690265272   1690302993
1690739489   1690828822
1690331917   1690332387
1690698526   1690758453
1689858201   1689895447
1690352490   1690413135
1690578721   1690663391
1690217100   1690254111
1690662794   1690738816
1690251085   1690276979
1690379307   1690420442
1690159647   1690241004
1690140339   1690158981
1690009649   1690088976
1690017907   1690094840
1690134262   1690202160
1690449713   1690452013
1690338010   1690387999
1690010876   1690035671
1690265827   1690358436
1690606173   1690671082
1690670391   1690742454
1689905003   1689948019
1690056317   1690104617
1690684699   1690759125
1690260000   1690272647
1690239986   1690260707
1690644493   1690651693
1690345399   1690396679
1690079193   1690137432
1690742676   1690766012
1690254336   1690347934
1689888743   1689900247
1690455070   1690509930
1690267036   1690341426
1690270948   1690311973
1690460681   1690511869
1690193183   1690208323
1690783235   1690871038
1690613429   1690636213
1690655722   1690708942
1690736804   1690755977
1690226635   1690291431
1690235559   1690294247
1690081850   1690146719
1690253363   1690326587
1690566629   1690599654
1690605060   1690702727
1690783309   1690867999
1690311398   1690401192
1690678631   1690686949
1690201071   1690246692
1690726601   1690818523
